scale=3
pi=3.141592653589
e=2.71828182845